# Global parameters:
- maxlen: 200
- max_features: 30000
- early stopping based on val_loss
- batch_size: 128

## Model specific parameters:
- single layer CNN
    - glove twitter:
        - kernel_size: 3
        - num_filters: 50
        - dropout: 0.2
        - result:
            - loss: 0.045302061441733474 (+/- 0.0007931266631046235)
            - acc: 0.9829229399625717 (+/- 0.0004347512370955112)
            - roc_auc: 0.9839322949097496 (+/- 0.0010873170500473907)
            - LB: 0.9815
    - glove
        - kernel_size: 3
        - num_filter : 300
        - dropout: 0.2
        - result:
            - loss: 0.04493380877026916 (+/- 0.0008816936950137447)
            - acc: 0.9830409674726788 (+/- 0.0002668991024840636)
            - roc_auc: 0.9855141711177511 (+/- 0.0015221667521623432)
            - LB: 0.9822
- multi channel CNN
    - use configs for glove twitter & glove
    - dense layer units: 128
    - result:
      - loss: 0.04586434642204125 (+/- 0.0009944483156291547)
      - acc: 0.9828498283484253 (+/- 0.0002220085391398572)
      - roc_auc: 0.9843891096700583 (+/- 0.0014595208143253504)

- textCNN
    - kernel_size: 3
    - num_filters: 50,
    - dropout: 0.2
    - embedding_matrix: glove
    - embed_size: 300
    - result:
        - loss: 0.04706004063530118 (+/- 0.0006838306930178759)
        - acc: 0.9824341330567711 (+/- 0.0003545645226532429)
        - roc_auc: 0.9810236005723141 (+/- 0.0018057481516012563)

- textRCNN



- inception
    - kernel_size: 3
    - num_filters: 50,
    - dropout: 0.2
    - embedding_matrix: glove
    - embed_size: 300
    - result:
        loss: 0.04468144988842106 (+/- 0.0007784231426185782)
        acc: 0.9831161680493627 (+/- 0.0002944974584065599)
        roc_auc: 0.9820037976582707 (+/- 0.0011390582860806907)